    0.15000D-01    0.16847D+02
    0.30000D-01    0.16847D+02
    0.45000D-01    0.16847D+02
    0.60000D-01    0.16847D+02
    0.75000D-01    0.16847D+02
    0.90000D-01    0.16847D+02
    0.10500D+00    0.16847D+02
    0.12000D+00    0.16847D+02
    0.13500D+00    0.16847D+02
    0.15000D+00    0.16847D+02
    0.16500D+00    0.16847D+02
    0.18000D+00    0.16847D+02
    0.19500D+00    0.16847D+02
    0.21000D+00    0.16847D+02
    0.22500D+00    0.16847D+02
    0.24000D+00    0.16847D+02
    0.25500D+00    0.16847D+02
    0.27000D+00    0.16847D+02
    0.28500D+00    0.16847D+02
    0.30000D+00    0.16847D+02
    0.31500D+00    0.16847D+02
    0.33000D+00    0.16847D+02
    0.34500D+00    0.16847D+02
    0.36000D+00    0.16847D+02
    0.37500D+00    0.16847D+02
    0.39000D+00    0.16847D+02
    0.40500D+00    0.16847D+02
    0.42000D+00    0.16847D+02
    0.43500D+00    0.16847D+02
    0.45000D+00    0.16847D+02
    0.46500D+00    0.16847D+02
    0.48000D+00    0.16847D+02
    0.49500D+00    0.16847D+02
    0.51000D+00    0.16847D+02
    0.52500D+00    0.16847D+02
    0.54000D+00    0.16847D+02
    0.55500D+00    0.16847D+02
    0.57000D+00    0.16847D+02
    0.58500D+00    0.16847D+02
    0.60000D+00    0.16847D+02
    0.61500D+00    0.16847D+02
    0.63000D+00    0.16847D+02
    0.64500D+00    0.16847D+02
    0.66000D+00    0.16847D+02
    0.67500D+00    0.16847D+02
    0.69000D+00    0.16847D+02
    0.70500D+00    0.16847D+02
    0.72000D+00    0.16847D+02
    0.73500D+00    0.16847D+02
    0.75000D+00    0.16847D+02
    0.76500D+00    0.16847D+02
    0.78000D+00    0.16847D+02
    0.79500D+00    0.16847D+02
    0.81000D+00    0.16847D+02
    0.82500D+00    0.16847D+02
    0.84000D+00    0.16847D+02
    0.85500D+00    0.16847D+02
    0.87000D+00    0.16847D+02
    0.88500D+00    0.16847D+02
    0.90000D+00    0.16847D+02
    0.91500D+00    0.16847D+02
    0.93000D+00    0.16847D+02
    0.94500D+00    0.16847D+02
    0.96000D+00    0.16847D+02
    0.97500D+00    0.16847D+02
    0.99000D+00    0.16847D+02
    0.10050D+01    0.16847D+02
    0.10200D+01    0.16847D+02
    0.10350D+01    0.16847D+02
    0.10500D+01    0.16847D+02
    0.10650D+01    0.16847D+02
    0.10800D+01    0.16847D+02
    0.10950D+01    0.16847D+02
    0.11100D+01    0.16847D+02
    0.11250D+01    0.16847D+02
    0.11400D+01    0.16847D+02
    0.11550D+01    0.16847D+02
    0.11700D+01    0.16847D+02
    0.11850D+01    0.16847D+02
    0.12000D+01    0.16847D+02
    0.12150D+01    0.16847D+02
    0.12300D+01    0.16847D+02
    0.12450D+01    0.16847D+02
    0.12600D+01    0.16847D+02
    0.12750D+01    0.16847D+02
    0.12900D+01    0.16847D+02
    0.13050D+01    0.16847D+02
    0.13200D+01    0.16847D+02
    0.13350D+01    0.16847D+02
    0.13500D+01    0.16847D+02
    0.13650D+01    0.16847D+02
    0.13800D+01    0.16847D+02
    0.13950D+01    0.16847D+02
    0.14100D+01    0.16847D+02
    0.14250D+01    0.16847D+02
    0.14400D+01    0.16847D+02
    0.14550D+01    0.16847D+02
    0.14700D+01    0.16847D+02
    0.14850D+01    0.16847D+02
    0.15000D+01    0.16847D+02
    0.15150D+01    0.16847D+02
    0.15300D+01    0.16847D+02
    0.15450D+01    0.16847D+02
    0.15600D+01    0.16847D+02
    0.15750D+01    0.16847D+02
    0.15900D+01    0.16847D+02
    0.16050D+01    0.16847D+02
    0.16200D+01    0.16847D+02
    0.16350D+01    0.16847D+02
    0.16500D+01    0.16847D+02
    0.16650D+01    0.16847D+02
    0.16800D+01    0.16847D+02
    0.16950D+01    0.16847D+02
    0.17100D+01    0.16847D+02
    0.17250D+01    0.16847D+02
    0.17400D+01    0.16847D+02
    0.17550D+01    0.16847D+02
    0.17700D+01    0.16847D+02
    0.17850D+01    0.16847D+02
    0.18000D+01    0.16847D+02
    0.18150D+01    0.16847D+02
    0.18300D+01    0.16847D+02
    0.18450D+01    0.16847D+02
    0.18600D+01    0.16847D+02
    0.18750D+01    0.16847D+02
    0.18900D+01    0.16847D+02
    0.19050D+01    0.16847D+02
    0.19200D+01    0.16847D+02
    0.19350D+01    0.16847D+02
    0.19500D+01    0.16847D+02
    0.19650D+01    0.16847D+02
    0.19800D+01    0.16847D+02
    0.19950D+01    0.16847D+02
    0.20100D+01    0.16847D+02
    0.20250D+01    0.16847D+02
    0.20400D+01    0.16847D+02
    0.20550D+01    0.16847D+02
    0.20700D+01    0.16847D+02
    0.20850D+01    0.16847D+02
    0.21000D+01    0.16847D+02
    0.21150D+01    0.16847D+02
    0.21300D+01    0.16847D+02
    0.21450D+01    0.16847D+02
    0.21600D+01    0.16847D+02
    0.21750D+01    0.16847D+02
    0.21900D+01    0.16847D+02
    0.22050D+01    0.16847D+02
    0.22200D+01    0.16847D+02
    0.22350D+01    0.16847D+02
    0.22500D+01    0.16847D+02
    0.22650D+01    0.16847D+02
    0.22800D+01    0.16847D+02
    0.22950D+01    0.16847D+02
    0.23100D+01    0.16847D+02
    0.23250D+01    0.16847D+02
    0.23400D+01    0.16847D+02
    0.23550D+01    0.16847D+02
    0.23700D+01    0.16847D+02
    0.23850D+01    0.16847D+02
    0.24000D+01    0.16847D+02
    0.24150D+01    0.16847D+02
    0.24300D+01    0.16847D+02
    0.24450D+01    0.16847D+02
    0.24600D+01    0.16847D+02
    0.24750D+01    0.16847D+02
    0.24900D+01    0.16847D+02
    0.25050D+01    0.16847D+02
    0.25200D+01    0.16847D+02
    0.25350D+01    0.16847D+02
    0.25500D+01    0.16847D+02
    0.25650D+01    0.16847D+02
    0.25800D+01    0.16847D+02
    0.25950D+01    0.16847D+02
    0.26100D+01    0.16847D+02
    0.26250D+01    0.16847D+02
    0.26400D+01    0.16847D+02
    0.26550D+01    0.16847D+02
    0.26700D+01    0.16847D+02
    0.26850D+01    0.16847D+02
    0.27000D+01    0.16847D+02
    0.27150D+01    0.16847D+02
    0.27300D+01    0.16847D+02
    0.27450D+01    0.16847D+02
    0.27600D+01    0.16847D+02
    0.27750D+01    0.16847D+02
    0.27900D+01    0.16847D+02
    0.28050D+01    0.16847D+02
    0.28200D+01    0.16847D+02
    0.28350D+01    0.16847D+02
    0.28500D+01    0.16847D+02
    0.28650D+01    0.16847D+02
    0.28800D+01    0.16847D+02
    0.28950D+01    0.16847D+02
    0.29100D+01    0.16847D+02
    0.29250D+01    0.16847D+02
    0.29400D+01    0.16847D+02
    0.29550D+01    0.16847D+02
    0.29700D+01    0.16847D+02
    0.29850D+01    0.16847D+02
    0.30000D+01    0.16847D+02
    0.30150D+01    0.16847D+02
    0.30300D+01    0.16847D+02
    0.30450D+01    0.16847D+02
    0.30600D+01    0.16847D+02
    0.30750D+01    0.16847D+02
    0.30900D+01    0.16847D+02
    0.31050D+01    0.16847D+02
    0.31200D+01    0.16847D+02
    0.31350D+01    0.16847D+02
    0.31500D+01    0.16847D+02
    0.31650D+01    0.16847D+02
    0.31800D+01    0.16847D+02
    0.31950D+01    0.16847D+02
    0.32100D+01    0.16847D+02
    0.32250D+01    0.16847D+02
    0.32400D+01    0.16847D+02
    0.32550D+01    0.16847D+02
    0.32700D+01    0.16847D+02
    0.32850D+01    0.16847D+02
    0.33000D+01    0.16847D+02
    0.33150D+01    0.16847D+02
    0.33300D+01    0.16847D+02
    0.33450D+01    0.16847D+02
    0.33600D+01    0.16847D+02
    0.33750D+01    0.16847D+02
    0.33900D+01    0.16847D+02
    0.34050D+01    0.16847D+02
    0.34200D+01    0.16847D+02
    0.34350D+01    0.16847D+02
    0.34500D+01    0.16847D+02
    0.34650D+01    0.16847D+02
    0.34800D+01    0.16847D+02
    0.34950D+01    0.16847D+02
    0.35100D+01    0.16847D+02
    0.35250D+01    0.16847D+02
    0.35400D+01    0.16847D+02
    0.35550D+01    0.16847D+02
    0.35700D+01    0.16847D+02
    0.35850D+01    0.16847D+02
    0.36000D+01    0.16847D+02
    0.36150D+01    0.16847D+02
    0.36300D+01    0.16847D+02
    0.36450D+01    0.16847D+02
    0.36600D+01    0.16847D+02
    0.36750D+01    0.16847D+02
    0.36900D+01    0.16847D+02
    0.37050D+01    0.16847D+02
    0.37200D+01    0.16847D+02
    0.37350D+01    0.16847D+02
    0.37500D+01    0.16847D+02
    0.37650D+01    0.16847D+02
    0.37800D+01    0.16847D+02
    0.37950D+01    0.16847D+02
    0.38100D+01    0.16847D+02
    0.38250D+01    0.16847D+02
    0.38400D+01    0.16847D+02
    0.38550D+01    0.16847D+02
    0.38700D+01    0.16847D+02
    0.38850D+01    0.16847D+02
    0.39000D+01    0.16847D+02
    0.39150D+01    0.16847D+02
    0.39300D+01    0.16847D+02
    0.39450D+01    0.16847D+02
    0.39600D+01    0.16847D+02
    0.39750D+01    0.16847D+02
    0.39900D+01    0.16847D+02
    0.40050D+01    0.16847D+02
    0.40200D+01    0.16847D+02
    0.40350D+01    0.16847D+02
    0.40500D+01    0.16847D+02
    0.40650D+01    0.16847D+02
    0.40800D+01    0.16847D+02
    0.40950D+01    0.16847D+02
    0.41100D+01    0.16847D+02
    0.41250D+01    0.16847D+02
    0.41400D+01    0.16847D+02
    0.41550D+01    0.16847D+02
    0.41700D+01    0.16847D+02
    0.41850D+01    0.16847D+02
    0.42000D+01    0.16847D+02
    0.42150D+01    0.16847D+02
    0.42300D+01    0.16847D+02
    0.42450D+01    0.16847D+02
    0.42600D+01    0.16847D+02
    0.42750D+01    0.16847D+02
    0.42900D+01    0.16847D+02
    0.43050D+01    0.16847D+02
    0.43200D+01    0.16847D+02
    0.43350D+01    0.16847D+02
    0.43500D+01    0.16847D+02
    0.43650D+01    0.16847D+02
    0.43800D+01    0.16847D+02
    0.43950D+01    0.16847D+02
    0.44100D+01    0.16847D+02
    0.44250D+01    0.16847D+02
    0.44400D+01    0.16847D+02
    0.44550D+01    0.16847D+02
    0.44700D+01    0.16847D+02
    0.44850D+01    0.16847D+02
    0.45000D+01    0.16847D+02
    0.45150D+01    0.16847D+02
    0.45300D+01    0.16847D+02
    0.45450D+01    0.16847D+02
    0.45600D+01    0.16847D+02
    0.45750D+01    0.16847D+02
    0.45900D+01    0.16847D+02
    0.46050D+01    0.16847D+02
    0.46200D+01    0.16847D+02
    0.46350D+01    0.16847D+02
    0.46500D+01    0.16847D+02
    0.46650D+01    0.16847D+02
    0.46800D+01    0.16847D+02
    0.46950D+01    0.16847D+02
    0.47100D+01    0.16847D+02
    0.47250D+01    0.16847D+02
    0.47400D+01    0.16847D+02
    0.47550D+01    0.16847D+02
    0.47700D+01    0.16847D+02
    0.47850D+01    0.16847D+02
    0.48000D+01    0.16847D+02
    0.48150D+01    0.16847D+02
    0.48300D+01    0.16847D+02
    0.48450D+01    0.16847D+02
    0.48600D+01    0.16847D+02
    0.48750D+01    0.16847D+02
    0.48900D+01    0.16847D+02
    0.49050D+01    0.16847D+02
    0.49200D+01    0.16847D+02
    0.49350D+01    0.16847D+02
    0.49500D+01    0.16847D+02
    0.49650D+01    0.16847D+02
    0.49800D+01    0.16847D+02
    0.49950D+01    0.16847D+02
    0.50100D+01    0.16847D+02
    0.50250D+01    0.16847D+02
    0.50400D+01    0.16847D+02
    0.50550D+01    0.16847D+02
    0.50700D+01    0.16847D+02
    0.50850D+01    0.16847D+02
    0.51000D+01    0.16847D+02
    0.51150D+01    0.16847D+02
    0.51300D+01    0.16847D+02
    0.51450D+01    0.16847D+02
    0.51600D+01    0.16847D+02
    0.51750D+01    0.16847D+02
    0.51900D+01    0.16847D+02
    0.52050D+01    0.16847D+02
    0.52200D+01    0.16847D+02
    0.52350D+01    0.16847D+02
    0.52500D+01    0.16847D+02
    0.52650D+01    0.16847D+02
    0.52800D+01    0.16847D+02
    0.52950D+01    0.16847D+02
    0.53100D+01    0.16847D+02
    0.53250D+01    0.16847D+02
    0.53400D+01    0.16847D+02
    0.53550D+01    0.16847D+02
    0.53700D+01    0.16847D+02
    0.53850D+01    0.16847D+02
    0.54000D+01    0.16847D+02
    0.54150D+01    0.16847D+02
    0.54300D+01    0.16847D+02
    0.54450D+01    0.16847D+02
    0.54600D+01    0.16847D+02
    0.54750D+01    0.16847D+02
    0.54900D+01    0.16847D+02
    0.55050D+01    0.16847D+02
    0.55200D+01    0.16847D+02
    0.55350D+01    0.16847D+02
    0.55500D+01    0.16847D+02
    0.55650D+01    0.16847D+02
    0.55800D+01    0.16847D+02
    0.55950D+01    0.16847D+02
    0.56100D+01    0.16847D+02
    0.56250D+01    0.16847D+02
    0.56400D+01    0.16847D+02
    0.56550D+01    0.16847D+02
    0.56700D+01    0.16847D+02
    0.56850D+01    0.16847D+02
    0.57000D+01    0.16847D+02
    0.57150D+01    0.16847D+02
    0.57300D+01    0.16847D+02
    0.57450D+01    0.16847D+02
    0.57600D+01    0.16847D+02
    0.57750D+01    0.16847D+02
    0.57900D+01    0.16847D+02
    0.58050D+01    0.16847D+02
    0.58200D+01    0.16847D+02
    0.58350D+01    0.16847D+02
    0.58500D+01    0.16847D+02
    0.58650D+01    0.16847D+02
    0.58800D+01    0.16847D+02
    0.58950D+01    0.16847D+02
    0.59100D+01    0.16847D+02
    0.59250D+01    0.16847D+02
    0.59400D+01    0.16847D+02
    0.59550D+01    0.16847D+02
    0.59700D+01    0.16847D+02
    0.59850D+01    0.16847D+02
    0.60000D+01    0.16847D+02
    0.60150D+01    0.16847D+02
    0.60300D+01    0.16847D+02
    0.60450D+01    0.16847D+02
    0.60600D+01    0.16847D+02
    0.60750D+01    0.16847D+02
    0.60900D+01    0.16847D+02
    0.61050D+01    0.16847D+02
    0.61200D+01    0.16847D+02
    0.61350D+01    0.16847D+02
    0.61500D+01    0.16847D+02
    0.61650D+01    0.16847D+02
    0.61800D+01    0.16847D+02
    0.61950D+01    0.16847D+02
    0.62100D+01    0.16847D+02
    0.62250D+01    0.16847D+02
    0.62400D+01    0.16847D+02
    0.62550D+01    0.16847D+02
    0.62700D+01    0.16847D+02
    0.62850D+01    0.16847D+02
    0.63000D+01    0.16847D+02
    0.63150D+01    0.16847D+02
    0.63300D+01    0.16847D+02
    0.63450D+01    0.16847D+02
    0.63600D+01    0.16847D+02
    0.63750D+01    0.16847D+02
    0.63900D+01    0.16847D+02
    0.64050D+01    0.16847D+02
    0.64200D+01    0.16847D+02
    0.64350D+01    0.16847D+02
    0.64500D+01    0.16847D+02
    0.64650D+01    0.16847D+02
    0.64800D+01    0.16847D+02
    0.64950D+01    0.16847D+02
    0.65100D+01    0.16847D+02
    0.65250D+01    0.16847D+02
    0.65400D+01    0.16847D+02
    0.65550D+01    0.16847D+02
    0.65700D+01    0.16847D+02
    0.65850D+01    0.16847D+02
    0.66000D+01    0.16847D+02
    0.66150D+01    0.16847D+02
    0.66300D+01    0.16847D+02
    0.66450D+01    0.16847D+02
    0.66600D+01    0.16847D+02
    0.66750D+01    0.16847D+02
    0.66900D+01    0.16847D+02
    0.67050D+01    0.16847D+02
    0.67200D+01    0.16847D+02
    0.67350D+01    0.16847D+02
    0.67500D+01    0.16847D+02
    0.67650D+01    0.16847D+02
    0.67800D+01    0.16847D+02
    0.67950D+01    0.16847D+02
    0.68100D+01    0.16847D+02
    0.68250D+01    0.16847D+02
    0.68400D+01    0.16847D+02
    0.68550D+01    0.16847D+02
    0.68700D+01    0.16847D+02
    0.68850D+01    0.16847D+02
    0.69000D+01    0.16847D+02
    0.69150D+01    0.16847D+02
    0.69300D+01    0.16847D+02
    0.69450D+01    0.16847D+02
    0.69600D+01    0.16847D+02
    0.69750D+01    0.16847D+02
    0.69900D+01    0.16847D+02
    0.70050D+01    0.16847D+02
    0.70200D+01    0.16847D+02
    0.70350D+01    0.16847D+02
    0.70500D+01    0.16847D+02
    0.70650D+01    0.16847D+02
    0.70800D+01    0.16847D+02
    0.70950D+01    0.16847D+02
    0.71100D+01    0.16847D+02
    0.71250D+01    0.16847D+02
    0.71400D+01    0.16847D+02
    0.71550D+01    0.16847D+02
    0.71700D+01    0.16847D+02
    0.71850D+01    0.16847D+02
    0.72000D+01    0.16847D+02
    0.72150D+01    0.16847D+02
    0.72300D+01    0.16847D+02
    0.72450D+01    0.16847D+02
    0.72600D+01    0.16847D+02
    0.72750D+01    0.16847D+02
    0.72900D+01    0.16847D+02
    0.73050D+01    0.16847D+02
    0.73200D+01    0.16847D+02
    0.73350D+01    0.16847D+02
    0.73500D+01    0.16847D+02
    0.73650D+01    0.16847D+02
    0.73800D+01    0.16847D+02
    0.73950D+01    0.16847D+02
    0.74100D+01    0.16847D+02
    0.74250D+01    0.16847D+02
    0.74400D+01    0.16847D+02
    0.74550D+01    0.16847D+02
    0.74700D+01    0.16847D+02
    0.74850D+01    0.16847D+02
    0.75000D+01    0.16847D+02
    0.75150D+01    0.16847D+02
    0.75300D+01    0.16847D+02
    0.75450D+01    0.16847D+02
    0.75600D+01    0.16847D+02
    0.75750D+01    0.16847D+02
    0.75900D+01    0.16847D+02
    0.76050D+01    0.16847D+02
    0.76200D+01    0.16847D+02
    0.76350D+01    0.16847D+02
    0.76500D+01    0.16847D+02
    0.76650D+01    0.16847D+02
    0.76800D+01    0.16847D+02
    0.76950D+01    0.16847D+02
    0.77100D+01    0.16847D+02
    0.77250D+01    0.16847D+02
    0.77400D+01    0.16847D+02
    0.77550D+01    0.16847D+02
    0.77700D+01    0.16847D+02
    0.77850D+01    0.16847D+02
    0.78000D+01    0.16847D+02
    0.78150D+01    0.16847D+02
    0.78300D+01    0.16847D+02
    0.78450D+01    0.16847D+02
    0.78600D+01    0.16847D+02
    0.78750D+01    0.16847D+02
    0.78900D+01    0.16847D+02
    0.79050D+01    0.16847D+02
    0.79200D+01    0.16847D+02
    0.79350D+01    0.16847D+02
    0.79500D+01    0.16847D+02
    0.79650D+01    0.16847D+02
    0.79800D+01    0.16847D+02
    0.79950D+01    0.16847D+02
    0.80100D+01    0.16847D+02
    0.80250D+01    0.16847D+02
    0.80400D+01    0.16847D+02
    0.80550D+01    0.16847D+02
    0.80700D+01    0.16847D+02
    0.80850D+01    0.16847D+02
    0.81000D+01    0.16847D+02
    0.81150D+01    0.16847D+02
    0.81300D+01    0.16847D+02
    0.81450D+01    0.16847D+02
    0.81600D+01    0.16847D+02
    0.81750D+01    0.16847D+02
    0.81900D+01    0.16847D+02
    0.82050D+01    0.16847D+02
    0.82200D+01    0.16847D+02
    0.82350D+01    0.16847D+02
    0.82500D+01    0.16847D+02
    0.82650D+01    0.16847D+02
    0.82800D+01    0.16847D+02
    0.82950D+01    0.16847D+02
    0.83100D+01    0.16847D+02
    0.83250D+01    0.16847D+02
    0.83400D+01    0.16847D+02
    0.83550D+01    0.16847D+02
    0.83700D+01    0.16847D+02
    0.83850D+01    0.16847D+02
    0.84000D+01    0.16847D+02
    0.84150D+01    0.16847D+02
    0.84300D+01    0.16847D+02
    0.84450D+01    0.16847D+02
    0.84600D+01    0.16847D+02
    0.84750D+01    0.16847D+02
    0.84900D+01    0.16847D+02
    0.85050D+01    0.16847D+02
    0.85200D+01    0.16847D+02
    0.85350D+01    0.16847D+02
    0.85500D+01    0.16847D+02
    0.85650D+01    0.16847D+02
    0.85800D+01    0.16847D+02
    0.85950D+01    0.16847D+02
    0.86100D+01    0.16847D+02
    0.86250D+01    0.16847D+02
    0.86400D+01    0.16847D+02
    0.86550D+01    0.16847D+02
    0.86700D+01    0.16847D+02
    0.86850D+01    0.16847D+02
    0.87000D+01    0.16847D+02
    0.87150D+01    0.16847D+02
    0.87300D+01    0.16847D+02
    0.87450D+01    0.16847D+02
    0.87600D+01    0.16847D+02
    0.87750D+01    0.16847D+02
    0.87900D+01    0.16847D+02
    0.88050D+01    0.16847D+02
    0.88200D+01    0.16847D+02
    0.88350D+01    0.16847D+02
    0.88500D+01    0.16847D+02
    0.88650D+01    0.16847D+02
    0.88800D+01    0.16847D+02
    0.88950D+01    0.16847D+02
    0.89100D+01    0.16847D+02
    0.89250D+01    0.16847D+02
    0.89400D+01    0.16847D+02
    0.89550D+01    0.16847D+02
    0.89700D+01    0.16847D+02
    0.89850D+01    0.16847D+02
